Best parameters: 
 {'alpha': 0.001, 'hidden_layer_sizes': (100,)} 

Best score: 
 0.24220400495452835 

Full output: 
 {'mean_fit_time': array([ 132.49331539, 2412.41938241, 2179.21185613, 2136.37729423,
       2136.99093385, 1986.49629722,  135.45454342, 2444.98329988,
       2200.84847367, 2147.379723  , 2145.15645063, 2016.39530754,
        138.15424478, 2427.57959471, 2195.8758194 , 2145.23602393,
       2139.87338846, 1895.62984693]), 'std_fit_time': array([  1.03866024,  40.65021715,  51.77140599,  36.06727076,
        49.6408553 ,  30.36500766,   0.80197483,  30.30918839,
        33.95833315,  30.43456714,  43.52906517,  31.45050567,
         0.90665022,  22.41253096,  35.20776409,  27.74979394,
        36.82595279, 180.37416526]), 'mean_score_time': array([0.01730089, 0.19674108, 0.1817759 , 0.18165138, 0.18336427,
       0.17960017, 0.01733859, 0.19708762, 0.1819855 , 0.17860699,
       0.18642211, 0.1786006 , 0.01889822, 0.19255862, 0.18589189,
       0.17400093, 0.17970917, 0.15436821]), 'std_score_time': array([0.00355839, 0.01095124, 0.01305356, 0.00799924, 0.00946281,
       0.01294896, 0.00295943, 0.01753474, 0.01567352, 0.01184315,
       0.01997331, 0.01571991, 0.00550154, 0.0122147 , 0.00846855,
       0.006759  , 0.01204124, 0.02468909]), 'param_alpha': masked_array(data=[0.0001, 0.0001, 0.0001, 0.0001, 0.0001, 0.0001, 0.001,
                   0.001, 0.001, 0.001, 0.001, 0.001, 0.01, 0.01, 0.01,
                   0.01, 0.01, 0.01],
             mask=[False, False, False, False, False, False, False, False,
                   False, False, False, False, False, False, False, False,
                   False, False],
       fill_value='?',
            dtype=object), 'param_hidden_layer_sizes': masked_array(data=[(100,), (500, 500), (750, 250), (333, 333, 333),
                   (500, 300, 200), (700, 200, 100), (100,), (500, 500),
                   (750, 250), (333, 333, 333), (500, 300, 200),
                   (700, 200, 100), (100,), (500, 500), (750, 250),
                   (333, 333, 333), (500, 300, 200), (700, 200, 100)],
             mask=[False, False, False, False, False, False, False, False,
                   False, False, False, False, False, False, False, False,
                   False, False],
       fill_value='?',
            dtype=object), 'params': [{'alpha': 0.0001, 'hidden_layer_sizes': (100,)}, {'alpha': 0.0001, 'hidden_layer_sizes': (500, 500)}, {'alpha': 0.0001, 'hidden_layer_sizes': (750, 250)}, {'alpha': 0.0001, 'hidden_layer_sizes': (333, 333, 333)}, {'alpha': 0.0001, 'hidden_layer_sizes': (500, 300, 200)}, {'alpha': 0.0001, 'hidden_layer_sizes': (700, 200, 100)}, {'alpha': 0.001, 'hidden_layer_sizes': (100,)}, {'alpha': 0.001, 'hidden_layer_sizes': (500, 500)}, {'alpha': 0.001, 'hidden_layer_sizes': (750, 250)}, {'alpha': 0.001, 'hidden_layer_sizes': (333, 333, 333)}, {'alpha': 0.001, 'hidden_layer_sizes': (500, 300, 200)}, {'alpha': 0.001, 'hidden_layer_sizes': (700, 200, 100)}, {'alpha': 0.01, 'hidden_layer_sizes': (100,)}, {'alpha': 0.01, 'hidden_layer_sizes': (500, 500)}, {'alpha': 0.01, 'hidden_layer_sizes': (750, 250)}, {'alpha': 0.01, 'hidden_layer_sizes': (333, 333, 333)}, {'alpha': 0.01, 'hidden_layer_sizes': (500, 300, 200)}, {'alpha': 0.01, 'hidden_layer_sizes': (700, 200, 100)}], 'split0_test_R2': array([ 0.21763674, -0.10915422, -0.21277502, -0.47980832, -0.46134206,
       -0.3131226 ,  0.22240084, -0.30051061, -0.17987579, -0.67289242,
       -0.43057077, -0.5542632 ,  0.22443201, -0.36164413, -0.51809096,
       -0.35728544, -0.50879869, -0.4315367 ]), 'split1_test_R2': array([ 0.25763248,  0.18625126, -0.2900066 ,  0.00137079,  0.05428381,
       -0.08730853,  0.25166439,  0.19099561, -0.60047747,  0.16150976,
       -0.10731204, -0.22783609,  0.26135804,  0.19245901, -0.25787702,
        0.15784454,  0.21599336, -0.19902552]), 'split2_test_R2': array([  0.21777397,  -1.04575292,  -0.57291415,  -1.13370495,
        -0.659873  ,  -0.80647197,   0.22022629,  -1.09395827,
        -1.2636785 ,  -1.41117735,  -0.74298056,  -1.06531355,
         0.20969089,  -0.77314482,  -0.73337994, -11.65063574,
        -1.41154117,  -0.98845766]), 'split3_test_R2': array([ 0.1930075 ,  0.09794538,  0.01461689, -1.72725753, -0.54071439,
       -0.06213537,  0.20842437,  0.09664542, -0.01350481, -1.98785448,
       -0.17054106,  0.00517663,  0.21274698,  0.06032472, -0.06058059,
       -1.70041582, -0.37900276, -0.68524858]), 'split4_test_R2': array([ 2.73392069e-01,  3.62841385e-03, -1.31582506e+00, -1.16758126e+00,
        1.46757269e-01, -7.84560501e-01,  2.69609943e-01, -1.36000163e-01,
       -1.87142222e+00, -1.20947321e+00,  1.19393255e-01, -1.74235338e+00,
        2.69404738e-01, -1.01491482e+00, -1.40999993e+00, -4.62989995e+00,
       -1.26294351e-01, -6.26362919e-01]), 'split5_test_R2': array([ 0.27105846, -0.05287259,  0.0601832 , -0.29070965, -0.62175764,
        0.17933906,  0.27187218, -0.15948595,  0.04216606,  0.12272111,
       -1.03551078,  0.18552207,  0.2668958 , -0.26281881,  0.09207566,
       -1.01173101, -0.19985892, -0.10647976]), 'split6_test_R2': array([ 0.27418051,  0.02931549, -0.23986777, -0.13383174, -0.98158093,
       -0.16248844,  0.2618887 , -0.2727311 , -0.21369183, -0.2801055 ,
       -0.81305738,  0.04398385,  0.26081921, -0.05409749, -0.23368338,
       -0.01508842, -0.14706747,  0.02982317]), 'split7_test_R2': array([ 0.27953769, -0.14273076,  0.14175143,  0.11241141, -0.94602913,
        0.20490834,  0.28291441, -0.09915452,  0.05655117,  0.18380257,
       -2.5700622 ,  0.09034481,  0.2828178 , -1.20521245,  0.12277587,
        0.05745897, -0.94349634,  0.11086171]), 'split8_test_R2': array([ 0.23456032, -1.71826232, -0.81694284, -3.70593353, -0.18741246,
       -0.9595164 ,  0.23419183, -1.60179711, -6.54297471, -2.76056459,
       -0.09992836, -0.94772523,  0.23163235, -1.37203814, -2.79629183,
       -2.89153695, -0.0545752 , -1.30705561]), 'split9_test_R2': array([ 0.18977365, -0.23400714, -0.20892844, -1.88288572, -0.47561507,
       -0.41406778,  0.19884709, -0.18907754, -0.86480295, -8.10051362,
       -0.5086334 , -0.48759429,  0.20035716, -0.12702982, -0.51136865,
       -1.6850063 , -0.50340163, -0.5072305 ]), 'mean_test_R2': array([ 0.24085534, -0.29856394, -0.34407084, -1.04079305, -0.46732836,
       -0.32054242,  0.242204  , -0.35650742, -1.14517111, -1.59545477,
       -0.63592033, -0.47000584,  0.2420155 , -0.49181167, -0.63064208,
       -2.37262961, -0.40580432, -0.47107124]), 'std_test_R2': array([0.03296887, 0.57355185, 0.42398918, 1.1146268 , 0.35882521,
       0.39251285, 0.02779546, 0.52835079, 1.89702634, 2.36212327,
       0.73181813, 0.59171139, 0.02795653, 0.5294947 , 0.83942517,
       3.40809209, 0.44932717, 0.42847328]), 'rank_test_R2': array([ 3,  4,  6, 15,  9,  5,  1,  7, 16, 17, 14, 10,  2, 12, 13, 18,  8,
       11]), 'split0_test_Explained Variance': array([ 0.21773152, -0.10911031, -0.21275606, -0.47975353, -0.4611338 ,
       -0.31288669,  0.22252178, -0.30041521, -0.17981123, -0.67273128,
       -0.43054375, -0.553668  ,  0.22456885, -0.36155071, -0.51803629,
       -0.35712866, -0.50876239, -0.43131615]), 'split1_test_Explained Variance': array([ 0.25763487,  0.18626908, -0.2900066 ,  0.0013738 ,  0.05428427,
       -0.0872719 ,  0.25166505,  0.19099811, -0.60046104,  0.16151527,
       -0.10731116, -0.22766569,  0.26135809,  0.19246651, -0.25785651,
        0.15785128,  0.21603329, -0.19892982]), 'split2_test_Explained Variance': array([  0.2179199 ,  -1.04474675,  -0.57236073,  -1.13285162,
        -0.65901957,  -0.80620014,   0.2204876 ,  -1.09284293,
        -1.26292231,  -1.41059937,  -0.74208425,  -1.06475318,
         0.20990156,  -0.77252317,  -0.73297784, -11.64404155,
        -1.41070084,  -0.98787943]), 'split3_test_Explained Variance': array([ 0.19317313,  0.09830794,  0.01468211, -1.72721768, -0.54070158,
       -0.06199722,  0.2085213 ,  0.09691467, -0.01343457, -1.98771585,
       -0.17053523,  0.00529969,  0.21289907,  0.06053762, -0.0605726 ,
       -1.7003582 , -0.37900221, -0.68524658]), 'split4_test_Explained Variance': array([ 2.73403978e-01,  3.63866504e-03, -1.31506510e+00, -1.16734619e+00,
        1.46790194e-01, -7.84084230e-01,  2.69646762e-01, -1.35869316e-01,
       -1.87019005e+00, -1.20910196e+00,  1.19393258e-01, -1.74166175e+00,
        2.69436632e-01, -1.01482116e+00, -1.40912045e+00, -4.62810184e+00,
       -1.26293921e-01, -6.26114500e-01]), 'split5_test_Explained Variance': array([ 0.27149422, -0.05253279,  0.06050382, -0.2905592 , -0.62157463,
        0.17997823,  0.27209654, -0.15901623,  0.04254812,  0.1231378 ,
       -1.03536242,  0.18631494,  0.26731465, -0.26260087,  0.09238661,
       -1.01168355, -0.19962551, -0.1063065 ]), 'split6_test_Explained Variance': array([ 0.27440394,  0.02952648, -0.23939281, -0.13352847, -0.98063319,
       -0.16197313,  0.2620908 , -0.27261262, -0.21358216, -0.27980276,
       -0.81233737,  0.0440292 ,  0.26107794, -0.05391321, -0.23326446,
       -0.01483186, -0.14667661,  0.02999234]), 'split7_test_Explained Variance': array([ 0.27971624, -0.14252629,  0.14179566,  0.11242756, -0.94486625,
        0.20491311,  0.28307672, -0.09896008,  0.05677287,  0.18385954,
       -2.56826616,  0.09048096,  0.28318461, -1.20454115,  0.12293123,
        0.05750232, -0.94255111,  0.11096525]), 'split8_test_Explained Variance': array([ 0.23487566, -1.7176568 , -0.81582334, -3.70307936, -0.18720518,
       -0.95839088,  0.23440456, -1.60093256, -6.53978331, -2.75877252,
       -0.09976026, -0.94701328,  0.23183763, -1.37103849, -2.79438872,
       -2.88992769, -0.05432451, -1.30593057]), 'split9_test_Explained Variance': array([ 0.1898556 , -0.2338686 , -0.2088429 , -1.88202802, -0.47496399,
       -0.41357383,  0.19895155, -0.18907666, -0.86424203, -8.09775213,
       -0.50783469, -0.48707801,  0.20044482, -0.12686094, -0.51103211,
       -1.6841727 , -0.50265148, -0.50673047]), 'mean_test_Explained Variance': array([ 0.2410209 , -0.29826994, -0.34372659, -1.04025627, -0.46690237,
       -0.32014867,  0.24234627, -0.35618128, -1.14451057, -1.59479633,
       -0.6354642 , -0.46957151,  0.24220238, -0.49148456, -0.63019311,
       -2.37148925, -0.40545553, -0.47074964]), 'std_test_Explained Variance': array([0.03299421, 0.57333322, 0.42371648, 1.1139069 , 0.35850112,
       0.3923425 , 0.02779778, 0.5280501 , 1.89612595, 2.36134085,
       0.73133226, 0.59156037, 0.02799856, 0.52925758, 0.83891512,
       3.40620381, 0.44906726, 0.42822737]), 'rank_test_Explained Variance': array([ 3,  4,  6, 15,  9,  5,  1,  7, 16, 17, 14, 10,  2, 12, 13, 18,  8,
       11]), 'split0_test_Neg RMSE': array([-3.64150306e+08, -5.16254875e+08, -5.64485088e+08, -6.88775506e+08,
       -6.80180402e+08, -6.11191783e+08, -3.61932856e+08, -6.05321541e+08,
       -5.49172171e+08, -7.78646334e+08, -6.65857931e+08, -7.23430466e+08,
       -3.60987451e+08, -6.33776085e+08, -7.06594130e+08, -6.31747337e+08,
       -7.02269049e+08, -6.66307522e+08]), 'split1_test_Neg RMSE': array([-3.91032763e+08, -4.28631921e+08, -6.79494764e+08, -5.26015384e+08,
       -4.98144114e+08, -5.72726102e+08, -3.94176378e+08, -4.26132892e+08,
       -8.43031390e+08, -4.41664197e+08, -5.83262700e+08, -6.46747228e+08,
       -3.89070369e+08, -4.25362066e+08, -6.62570909e+08, -4.43594804e+08,
       -4.12965646e+08, -6.31571621e+08]), 'split2_test_Neg RMSE': array([-3.49897691e+08, -9.15086176e+08, -7.03580563e+08, -9.54428016e+08,
       -7.42478148e+08, -8.08053364e+08, -3.48800745e+08, -9.36648921e+08,
       -1.01256651e+09, -1.07854426e+09, -7.79653010e+08, -9.23835844e+08,
       -3.53513337e+08, -7.93145787e+08, -7.75358553e+08, -5.65875858e+09,
       -1.07870700e+09, -8.89457424e+08]), 'split3_test_Neg RMSE': array([-5.01208712e+08, -5.60250111e+08, -6.12003952e+08, -1.69385123e+09,
       -9.56910352e+08, -6.59673423e+08, -4.91633568e+08, -5.61057488e+08,
       -6.29469845e+08, -1.85570337e+09, -7.27002272e+08, -6.17867132e+08,
       -4.88948872e+08, -5.83615634e+08, -6.58707776e+08, -1.67718032e+09,
       -8.56474130e+08, -1.04667797e+09]), 'split4_test_Neg RMSE': array([-3.26873522e+08, -4.48230023e+08, -1.04180241e+09, -9.75113110e+08,
       -3.83841746e+08, -8.02806509e+08, -3.28574958e+08, -5.11043657e+08,
       -1.29174463e+09, -9.93958723e+08, -3.96151784e+08, -1.23368143e+09,
       -3.28667272e+08, -9.06434233e+08, -1.08416814e+09, -2.53267979e+09,
       -5.06677378e+08, -7.31639379e+08]), 'split5_test_Neg RMSE': array([-4.15518582e+08, -6.00169012e+08, -5.35723818e+08, -7.35743282e+08,
       -9.24450588e+08, -4.67801393e+08, -4.15054737e+08, -6.60941831e+08,
       -5.45994126e+08, -5.00075331e+08, -1.16030231e+09, -4.64276893e+08,
       -4.17891423e+08, -7.19844665e+08, -5.17544154e+08, -1.14674713e+09,
       -6.83955640e+08, -6.30726712e+08]), 'split6_test_Neg RMSE': array([-3.29885560e+08, -4.41176915e+08, -5.63520930e+08, -5.15327470e+08,
       -9.00630180e+08, -5.28351962e+08, -3.35472198e+08, -5.78457342e+08,
       -5.51623946e+08, -5.81809014e+08, -8.24036087e+08, -4.34510136e+08,
       -3.35958282e+08, -4.79088186e+08, -5.60710123e+08, -4.61358530e+08,
       -5.21343121e+08, -4.40946174e+08]), 'split7_test_Neg RMSE': array([-3.42587609e+08, -5.43380817e+08, -4.08106465e+08, -4.22057963e+08,
       -9.25357870e+08, -3.78074673e+08, -3.40981943e+08, -5.22659848e+08,
       -4.48620110e+08, -3.88110692e+08, -1.69760314e+09, -4.32550866e+08,
       -3.41027882e+08, -1.04860234e+09, -4.17129547e+08, -4.48188440e+08,
       -9.24153501e+08, -4.22794858e+08]), 'split8_test_Neg RMSE': array([-3.53489106e+08, -1.25532572e+09, -8.39085712e+08, -2.17325581e+09,
       -5.48361132e+08, -9.04927871e+08, -3.53659281e+08, -1.20154071e+09,
       -3.48343502e+09, -1.73667324e+09, -5.07959940e+08, -8.99482570e+08,
       -3.54841277e+08, -1.09543529e+09, -1.75317251e+09, -1.79715783e+09,
       -4.87015312e+08, -1.06542559e+09]), 'split9_test_Neg RMSE': array([-4.21017133e+08, -6.41225933e+08, -6.28194311e+08, -1.49803111e+09,
       -7.66772429e+08, -7.34790667e+08, -4.16302307e+08, -6.17879209e+08,
       -9.69005748e+08, -4.72889106e+09, -7.83929709e+08, -7.72997176e+08,
       -4.15517635e+08, -5.85637412e+08, -7.85351027e+08, -1.39520722e+09,
       -7.81211132e+08, -7.83200721e+08]), 'mean_test_Neg RMSE': array([-3.79566098e+08, -6.34973150e+08, -6.57599802e+08, -1.01825989e+09,
       -7.32712696e+08, -6.46839775e+08, -3.78658897e+08, -6.62168343e+08,
       -1.03246635e+09, -1.30840762e+09, -8.12575888e+08, -7.14937974e+08,
       -3.78642380e+08, -7.27094170e+08, -7.92130686e+08, -1.61926200e+09,
       -6.95477190e+08, -7.30874797e+08]), 'std_test_Neg RMSE': array([5.13313959e+07, 2.46500394e+08, 1.67543407e+08, 5.53681661e+08,
       1.91590809e+08, 1.58087751e+08, 4.83063633e+07, 2.20613165e+08,
       8.55540883e+08, 1.24074778e+09, 3.54098320e+08, 2.41974946e+08,
       4.73502786e+07, 2.18511903e+08, 3.63414024e+08, 1.50099531e+09,
       2.05388488e+08, 2.10374538e+08]), 'rank_test_Neg RMSE': array([ 3,  4,  6, 15, 12,  5,  2,  7, 16, 17, 14,  9,  1, 10, 13, 18,  8,
       11])}